data<-structure(list(noFleets = 2L, fleetTypes = c(0, 2), sampleTimes = c(0, 
0.125), noYears = 50, years = 1963:2012, nobs = 493L, idx1 = c(0, 
7, 14, 21, 28, 35, 42, 49, 56, 63, 70, 77, 84, 91, 98, 105, 112, 
119, 126, 133, 140, 152, 164, 176, 188, 200, 212, 224, 236, 248, 
260, 272, 284, 296, 308, 320, 332, 344, 356, 368, 380, 392, 404, 
416, 428, 440, 452, 464, 476, 488), idx2 = c(6, 13, 20, 27, 34, 
41, 48, 55, 62, 69, 76, 83, 90, 97, 104, 111, 118, 125, 132, 
139, 151, 163, 175, 187, 199, 211, 223, 235, 247, 259, 271, 283, 
295, 307, 319, 331, 343, 355, 367, 379, 391, 403, 415, 427, 439, 
451, 463, 475, 487, 492), obs = structure(c(1963, 1963, 1963, 
1963, 1963, 1963, 1963, 1964, 1964, 1964, 1964, 1964, 1964, 1964, 
1965, 1965, 1965, 1965, 1965, 1965, 1965, 1966, 1966, 1966, 1966, 
1966, 1966, 1966, 1967, 1967, 1967, 1967, 1967, 1967, 1967, 1968, 
1968, 1968, 1968, 1968, 1968, 1968, 1969, 1969, 1969, 1969, 1969, 
1969, 1969, 1970, 1970, 1970, 1970, 1970, 1970, 1970, 1971, 1971, 
1971, 1971, 1971, 1971, 1971, 1972, 1972, 1972, 1972, 1972, 1972, 
1972, 1973, 1973, 1973, 1973, 1973, 1973, 1973, 1974, 1974, 1974, 
1974, 1974, 1974, 1974, 1975, 1975, 1975, 1975, 1975, 1975, 1975, 
1976, 1976, 1976, 1976, 1976, 1976, 1976, 1977, 1977, 1977, 1977, 
1977, 1977, 1977, 1978, 1978, 1978, 1978, 1978, 1978, 1978, 1979, 
1979, 1979, 1979, 1979, 1979, 1979, 1980, 1980, 1980, 1980, 1980, 
1980, 1980, 1981, 1981, 1981, 1981, 1981, 1981, 1981, 1982, 1982, 
1982, 1982, 1982, 1982, 1982, 1983, 1983, 1983, 1983, 1983, 1983, 
1983, 1983, 1983, 1983, 1983, 1983, 1984, 1984, 1984, 1984, 1984, 
1984, 1984, 1984, 1984, 1984, 1984, 1984, 1985, 1985, 1985, 1985, 
1985, 1985, 1985, 1985, 1985, 1985, 1985, 1985, 1986, 1986, 1986, 
1986, 1986, 1986, 1986, 1986, 1986, 1986, 1986, 1986, 1987, 1987, 
1987, 1987, 1987, 1987, 1987, 1987, 1987, 1987, 1987, 1987, 1988, 
1988, 1988, 1988, 1988, 1988, 1988, 1988, 1988, 1988, 1988, 1988, 
1989, 1989, 1989, 1989, 1989, 1989, 1989, 1989, 1989, 1989, 1989, 
1989, 1990, 1990, 1990, 1990, 1990, 1990, 1990, 1990, 1990, 1990, 
1990, 1990, 1991, 1991, 1991, 1991, 1991, 1991, 1991, 1991, 1991, 
1991, 1991, 1991, 1992, 1992, 1992, 1992, 1992, 1992, 1992, 1992, 
1992, 1992, 1992, 1992, 1993, 1993, 1993, 1993, 1993, 1993, 1993, 
1993, 1993, 1993, 1993, 1993, 1994, 1994, 1994, 1994, 1994, 1994, 
1994, 1994, 1994, 1994, 1994, 1994, 1995, 1995, 1995, 1995, 1995, 
1995, 1995, 1995, 1995, 1995, 1995, 1995, 1996, 1996, 1996, 1996, 
1996, 1996, 1996, 1996, 1996, 1996, 1996, 1996, 1997, 1997, 1997, 
1997, 1997, 1997, 1997, 1997, 1997, 1997, 1997, 1997, 1998, 1998, 
1998, 1998, 1998, 1998, 1998, 1998, 1998, 1998, 1998, 1998, 1999, 
1999, 1999, 1999, 1999, 1999, 1999, 1999, 1999, 1999, 1999, 1999, 
2000, 2000, 2000, 2000, 2000, 2000, 2000, 2000, 2000, 2000, 2000, 
2000, 2001, 2001, 2001, 2001, 2001, 2001, 2001, 2001, 2001, 2001, 
2001, 2001, 2002, 2002, 2002, 2002, 2002, 2002, 2002, 2002, 2002, 
2002, 2002, 2002, 2003, 2003, 2003, 2003, 2003, 2003, 2003, 2003, 
2003, 2003, 2003, 2003, 2004, 2004, 2004, 2004, 2004, 2004, 2004, 
2004, 2004, 2004, 2004, 2004, 2005, 2005, 2005, 2005, 2005, 2005, 
2005, 2005, 2005, 2005, 2005, 2005, 2006, 2006, 2006, 2006, 2006, 
2006, 2006, 2006, 2006, 2006, 2006, 2006, 2007, 2007, 2007, 2007, 
2007, 2007, 2007, 2007, 2007, 2007, 2007, 2007, 2008, 2008, 2008, 
2008, 2008, 2008, 2008, 2008, 2008, 2008, 2008, 2008, 2009, 2009, 
2009, 2009, 2009, 2009, 2009, 2009, 2009, 2009, 2009, 2009, 2010, 
2010, 2010, 2010, 2010, 2010, 2010, 2010, 2010, 2010, 2010, 2010, 
2011, 2011, 2011, 2011, 2011, 2011, 2011, 2011, 2011, 2011, 2011, 
2011, 2012, 2012, 2012, 2012, 2012, 1, 1, 1, 1, 1, 1, 1, 1, 1, 
1, 1, 1, 1, 1, 1, 1, 1, 1, 1, 1, 1, 1, 1, 1, 1, 1, 1, 1, 1, 1, 
1, 1, 1, 1, 1, 1, 1, 1, 1, 1, 1, 1, 1, 1, 1, 1, 1, 1, 1, 1, 1, 
1, 1, 1, 1, 1, 1, 1, 1, 1, 1, 1, 1, 1, 1, 1, 1, 1, 1, 1, 1, 1, 
1, 1, 1, 1, 1, 1, 1, 1, 1, 1, 1, 1, 1, 1, 1, 1, 1, 1, 1, 1, 1, 
1, 1, 1, 1, 1, 1, 1, 1, 1, 1, 1, 1, 1, 1, 1, 1, 1, 1, 1, 1, 1, 
1, 1, 1, 1, 1, 1, 1, 1, 1, 1, 1, 1, 1, 1, 1, 1, 1, 1, 1, 1, 1, 
1, 1, 1, 1, 1, 1, 1, 1, 1, 1, 1, 1, 2, 2, 2, 2, 2, 1, 1, 1, 1, 
1, 1, 1, 2, 2, 2, 2, 2, 1, 1, 1, 1, 1, 1, 1, 2, 2, 2, 2, 2, 1, 
1, 1, 1, 1, 1, 1, 2, 2, 2, 2, 2, 1, 1, 1, 1, 1, 1, 1, 2, 2, 2, 
2, 2, 1, 1, 1, 1, 1, 1, 1, 2, 2, 2, 2, 2, 1, 1, 1, 1, 1, 1, 1, 
2, 2, 2, 2, 2, 1, 1, 1, 1, 1, 1, 1, 2, 2, 2, 2, 2, 1, 1, 1, 1, 
1, 1, 1, 2, 2, 2, 2, 2, 1, 1, 1, 1, 1, 1, 1, 2, 2, 2, 2, 2, 1, 
1, 1, 1, 1, 1, 1, 2, 2, 2, 2, 2, 1, 1, 1, 1, 1, 1, 1, 2, 2, 2, 
2, 2, 1, 1, 1, 1, 1, 1, 1, 2, 2, 2, 2, 2, 1, 1, 1, 1, 1, 1, 1, 
2, 2, 2, 2, 2, 1, 1, 1, 1, 1, 1, 1, 2, 2, 2, 2, 2, 1, 1, 1, 1, 
1, 1, 1, 2, 2, 2, 2, 2, 1, 1, 1, 1, 1, 1, 1, 2, 2, 2, 2, 2, 1, 
1, 1, 1, 1, 1, 1, 2, 2, 2, 2, 2, 1, 1, 1, 1, 1, 1, 1, 2, 2, 2, 
2, 2, 1, 1, 1, 1, 1, 1, 1, 2, 2, 2, 2, 2, 1, 1, 1, 1, 1, 1, 1, 
2, 2, 2, 2, 2, 1, 1, 1, 1, 1, 1, 1, 2, 2, 2, 2, 2, 1, 1, 1, 1, 
1, 1, 1, 2, 2, 2, 2, 2, 1, 1, 1, 1, 1, 1, 1, 2, 2, 2, 2, 2, 1, 
1, 1, 1, 1, 1, 1, 2, 2, 2, 2, 2, 1, 1, 1, 1, 1, 1, 1, 2, 2, 2, 
2, 2, 1, 1, 1, 1, 1, 1, 1, 2, 2, 2, 2, 2, 1, 1, 1, 1, 1, 1, 1, 
2, 2, 2, 2, 2, 1, 1, 1, 1, 1, 1, 1, 2, 2, 2, 2, 2, 2, 2, 2, 2, 
2, 1, 2, 3, 4, 5, 6, 7, 1, 2, 3, 4, 5, 6, 7, 1, 2, 3, 4, 5, 6, 
7, 1, 2, 3, 4, 5, 6, 7, 1, 2, 3, 4, 5, 6, 7, 1, 2, 3, 4, 5, 6, 
7, 1, 2, 3, 4, 5, 6, 7, 1, 2, 3, 4, 5, 6, 7, 1, 2, 3, 4, 5, 6, 
7, 1, 2, 3, 4, 5, 6, 7, 1, 2, 3, 4, 5, 6, 7, 1, 2, 3, 4, 5, 6, 
7, 1, 2, 3, 4, 5, 6, 7, 1, 2, 3, 4, 5, 6, 7, 1, 2, 3, 4, 5, 6, 
7, 1, 2, 3, 4, 5, 6, 7, 1, 2, 3, 4, 5, 6, 7, 1, 2, 3, 4, 5, 6, 
7, 1, 2, 3, 4, 5, 6, 7, 1, 2, 3, 4, 5, 6, 7, 1, 2, 3, 4, 5, 6, 
7, 1, 2, 3, 4, 5, 1, 2, 3, 4, 5, 6, 7, 1, 2, 3, 4, 5, 1, 2, 3, 
4, 5, 6, 7, 1, 2, 3, 4, 5, 1, 2, 3, 4, 5, 6, 7, 1, 2, 3, 4, 5, 
1, 2, 3, 4, 5, 6, 7, 1, 2, 3, 4, 5, 1, 2, 3, 4, 5, 6, 7, 1, 2, 
3, 4, 5, 1, 2, 3, 4, 5, 6, 7, 1, 2, 3, 4, 5, 1, 2, 3, 4, 5, 6, 
7, 1, 2, 3, 4, 5, 1, 2, 3, 4, 5, 6, 7, 1, 2, 3, 4, 5, 1, 2, 3, 
4, 5, 6, 7, 1, 2, 3, 4, 5, 1, 2, 3, 4, 5, 6, 7, 1, 2, 3, 4, 5, 
1, 2, 3, 4, 5, 6, 7, 1, 2, 3, 4, 5, 1, 2, 3, 4, 5, 6, 7, 1, 2, 
3, 4, 5, 1, 2, 3, 4, 5, 6, 7, 1, 2, 3, 4, 5, 1, 2, 3, 4, 5, 6, 
7, 1, 2, 3, 4, 5, 1, 2, 3, 4, 5, 6, 7, 1, 2, 3, 4, 5, 1, 2, 3, 
4, 5, 6, 7, 1, 2, 3, 4, 5, 1, 2, 3, 4, 5, 6, 7, 1, 2, 3, 4, 5, 
1, 2, 3, 4, 5, 6, 7, 1, 2, 3, 4, 5, 1, 2, 3, 4, 5, 6, 7, 1, 2, 
3, 4, 5, 1, 2, 3, 4, 5, 6, 7, 1, 2, 3, 4, 5, 1, 2, 3, 4, 5, 6, 
7, 1, 2, 3, 4, 5, 1, 2, 3, 4, 5, 6, 7, 1, 2, 3, 4, 5, 1, 2, 3, 
4, 5, 6, 7, 1, 2, 3, 4, 5, 1, 2, 3, 4, 5, 6, 7, 1, 2, 3, 4, 5, 
1, 2, 3, 4, 5, 6, 7, 1, 2, 3, 4, 5, 1, 2, 3, 4, 5, 6, 7, 1, 2, 
3, 4, 5, 1, 2, 3, 4, 5, 6, 7, 1, 2, 3, 4, 5, 1, 2, 3, 4, 5, 6, 
7, 1, 2, 3, 4, 5, 1, 2, 3, 4, 5, 19444.837, 62593.828, 7063.356, 
3536.395, 2788.351, 1212.944, 592.002, 13118.241, 28684.904, 
20219.961, 4306.383, 1917.283, 1817.726, 825.923, 114227.87, 
58520.463, 17735.357, 9181.567, 2387.073, 950.478, 1090.226, 
127145.598, 84752.213, 29915.973, 6184.356, 3378.852, 1278.165, 
1111.988, 61269.733, 95755.973, 32853.795, 11261.016, 3271.029, 
1973.587, 1438.023, 37100.944, 106909.197, 42783.943, 12392.279, 
6076.067, 1414.395, 1465.309, 5461.646, 33005.179, 31691.057, 
13710.166, 4565.201, 2895.464, 1281.17, 107718.007, 42617.248, 
18640.358, 13338.681, 6297.105, 1762.699, 1494.192, 305050.177, 
192756.707, 17265.958, 6754.004, 7100.887, 2699.838, 1749.463, 
42274.493, 247326.889, 48304.061, 5681.885, 2726.425, 3200.544, 
2811.582, 112314.619, 49229.622, 55178.17, 14072.35, 2205.739, 
1109.026, 1848.745, 140339.092, 74877.619, 11475.574, 15824.271, 
4623.754, 961.01, 1434.065, 170718.546, 63439.375, 18943.881, 
4663.275, 7563.138, 2067.241, 1032.291, 233648.556, 183912.271, 
18766.379, 6740.97, 1740.771, 3070.92, 1227.915, 549789.528, 
99307.099, 26087.039, 4614.644, 2294.229, 836.184, 1900.979, 
58773.675, 254203.922, 17257.985, 9439.763, 3002.984, 1108.077, 
1047.602, 619439.901, 96998.845, 44653.365, 4035.171, 3395.086, 
712.451, 754.678, 1252297.013, 122459.92, 35055.911, 12315.831, 
