data_orange <-
structure(list(n = 35, y = c(30, 58, 87, 115, 120, 142, 145, 
33, 69, 111, 156, 172, 203, 203, 30, 51, 75, 108, 115, 139, 140, 
32, 62, 112, 167, 179, 209, 214, 30, 49, 81, 125, 142, 174, 177
), t = c(118, 484, 664, 1004, 1231, 1372, 1582, 118, 484, 664, 
1004, 1231, 1372, 1582, 118, 484, 664, 1004, 1231, 1372, 1582, 
118, 484, 664, 1004, 1231, 1372, 1582, 118, 484, 664, 1004, 1231, 
1372, 1582), M = 5, ngroup = c(7, 7, 7, 7, 7), m = 3, multiply = 1000, 
    n_par = -5, loglik = -94.8143, gradient = -8.05132e-06), .Names = c("n", 
"y", "t", "M", "ngroup", "m", "multiply", "n_par", "loglik", 
"gradient"))
