n <-
945
p <-
3
y <-
structure(c(-0.32023187285048, 1.46070878965925, -0.408640129581645, 
1.06094976409615, 1.71287869786094, 0.404303856122628, -0.905709522486504, 
-1.01658276553053, -0.260359653590198, 0.142913424698281, -1.74435766087143, 
0.923661586095752, -0.781920818195565, -0.513247980289884, -0.322876692851988, 
0.640695102145355, -0.874173243211014, 0.477289417192344, 0.365514686953144, 
0.828846119826803, 0.633127614848876, 1.32737694208875, 0.142223040108751, 
0.328750671579752, 0.195001671125832, -0.177692878405262, 0.831693656605996, 
-0.867760838631766, 0.567498981171304, 0.511869354678689, 1.06014119651404, 
0.530802130331913, -1.40583615978099, 0.404109438343108, 0.585976371680457, 
-0.252771683995574, 0.454038909350301, -0.0692207742885984, 1.27206462824339, 
0.0714446371415758, 0.985852826234517, 0.265155550276635, -0.655858770028013, 
0.18930388459139, -0.737103680831192, 0.910240995387417, -0.159612091104317, 
-0.851715505779067, -0.338357856919753, -1.42068072311595, -0.695403493201847, 
-1.17839173553824, 1.39768224595184, 0.406062883966612, -0.282412990089982, 
-0.565813853491621, 0.370879469444012, 0.364456978094856, 0.326389952654887, 
-0.0810346742883559, 0.00884122096278993, 0.773505050678074, 
0.428536589149324, 0.895015867098386, -0.563114943290639, 0.425976113531628, 
-0.355376618777165, 0.399978453174626, -1.5106500773158, -0.600463983458528, 
-0.257448299354974, -0.955735550048338, 0.812887791939559, 0.163422762982073, 
1.12832277967131, -0.414258063838919, 0.167732557091665, -0.761940722936967, 
-1.19961527510977, 0.520345160752183, 0.817181307891073, 0.0299651337353592, 
0.514278842990128, -0.844588611660075, 0.115610285758832, -0.227287150912465, 
-0.07207704807874, -0.0775701149184969, 0.0836881458589558, -0.812185824863594, 
0.289759698977681, 0.148785668390144, -0.506266699477504, -0.454630465054113, 
0.0625811552670765, 0.405589867712424, 0.154806524596767, 0.565919867246672, 
-0.0349268713963633, -0.778595141554945, -0.346796787368071, 
0.226530511841199, -0.484608387749004, -0.0195849960422498, -0.173537435579303, 
0.315481224444663, 0.259975842656895, 0.668247787257497, -0.674310217186287, 
-0.789787441622331, -0.0696987425543869, 0.167911105080592, -0.6517596929226, 
0.323996372496509, 0.118422968477687, 0.240042092645503, 0.0850386193302956, 
-0.346665343773618, 0.0630274614048789, 0.0463886806332183, 0.301065918977133, 
-0.297018475927619, -0.828335652590379, -0.301023439599408, 0.113876391707562, 
0.085780719927502, 0.236969189992025, 0.0800600010199706, -1.05582468863391, 
-1.06214395685572, 0.917616557049499, -0.390655745445529, 0.376209168454527, 
0.182667001842889, -0.538386186026747, 0.489975154139215, -0.0611459526639167, 
0.55613425809105, 0.0917490855965088, 0.260778986086146, -0.128122001540027, 
0.266266247258289, -0.0885671678464937, 0.541060870421089, 0.566398130615491, 
0.230258728499404, 0.313154885849647, 0.118505964908282, 0.96250987820317, 
0.430058744585276, 0.521121822490571, -0.204586966721904, 0.389475298102342, 
-0.488233105702436, -0.315251085394448, 0.0462730821846826, -0.746814836496285, 
-0.519179078270166, -1.08296742733965, 0.930911667292438, 0.674102086304123, 
0.0131489000167508, -0.219788285359763, -0.120290415151121, -0.254297247176744, 
-0.255138347760826, 0.0185179388182901, 0.487422981338663, 0.0297304232132747, 
-0.271491735756453, -0.412629333027376, -0.30759948964328, -0.665386851067047, 
0.549992210196309, -0.394370746312817, -0.163197411233236, -0.248952860163838, 
-0.764933159743048, -0.137015056890983, -0.97583121305484, 1.21874551207752, 
-0.569105603852611, 0.55358481195809, -0.85897997563586, -0.266517186129229, 
0.568665264800221, 0.812841461656981, -0.442028127888545, -0.0339004168512689, 
-0.0512678528925401, -0.369676218314803, -0.925826043634132, 
0.163984837667202, 0.896721755358425, 0.699562117681911, -0.571025193728565, 
-0.167628282834504, -0.23785301014579, 0.0294798725028957, 1.32481945213098, 
-0.338855243723408, 0.673397971811067, 0.0295692525474391, 0.891225086944219, 
0.120490722286719, -0.385681645778553, -0.250153746294475, -0.342750880456628, 
-0.0795437909413008, 0.551060203002145, 0.200924160577292, -1.06638686002167, 
-0.932907949423529, -0.256415745373435, -1.02197882386414, 0.975653429530192, 
-0.686809827741381, 0.111867174624096, 0.241151900645325, 0.111651320698441, 
0.135056232485802, 1.57759715986318, -0.538099640123908, 1.06966220983037, 
0.110005954339903, 0.921754323983875, 0.925252621110866, -0.105883390573587, 
-1.64589101031711, -1.2778825744986, 0.337643137176951, 0.758368696691829, 
0.0122423343168079, -0.571866659477755, 1.13129595127866, -1.32785888747265, 
0.215422395652458, -0.424364169649534, -0.602409010229316, 0.357587682725462, 
0.309888766927495, -0.473577436508416, 0.503328449383072, 0.163624543334977, 
-0.268279211908635, 0.368020481603409, -0.215597487251668, -0.321707625632079, 
-0.193620612036211, -0.317911899053698, 0.117827457791036, -0.106218054412128, 
0.200384390729729, -0.780983029532485, 0.124349591487976, 0.514803404020574, 
0.489002319833925, 0.825817698088543, 0.198479456061378, 0.546423587659943, 
-0.627339273406564, -0.227481798917834, -0.445329511476318, 0.445737145604379, 
-0.0642231364630661, -0.646454289033389, 0.0117078864597932, 
0.176767498645274, -1.02466576512888, 0.415573527082085, -0.0358915228340815, 
-0.524125623980993, 0.0889974307175791, 0.130691157460499, 0.279325699499316, 
-0.131287630510175, -0.573911955829294, -0.306765578509378, -0.513241367064905, 
0.234569159048253, 0.510731690365645, -0.572934339963122, -0.224778422628497, 
-1.10367166628851, -0.425176891297597, -1.48387378801478, 0.110248223810471, 
1.23923634470496, -1.65053533235948, 0.00392719810029439, 0.386111358177764, 
-0.881907336064859, 0.821096655780928, 1.1313376219675, 0.996845617321428, 
0.0352997473772312, 0.023030561422315, 0.585928241679406, -0.638103470757185, 
0.0598667540110556, -0.155252604592127, -0.811194231816576, 0.295571320218834, 
-0.666501102192425, 0.972002108186675, -0.360642368502069, 0.517645621023537, 
-0.211766468479697, -0.107040221575911, -0.312116694869858, 0.184340326416032, 
-0.931192577196605, 0.65991139707252, 1.21141977309032, -0.149486261470728, 
-0.242521082653036, 0.448663694702727, -0.100243369917997, -0.70727792230772, 
-0.306899995482486, -0.646357624580558, -1.61606168494857, 0.75360687553887, 
0.269380770341153, -0.0911624888886529, 0.66601770072987, -0.944016245569308, 
-0.168081535388649, -0.142998822526975, 0.194510097836197, -2.24959450562324, 
0.360291908627052, 0.423901272672272, -0.54817030337045, -0.0297409053221185, 
-0.72227963346852, 0.0418551900358435, -0.358789432610424, 0.133967737621725, 
-0.162133682994521, 0.560925136259937, 0.91607529939251, 0.236461360911599, 
0.0871467997376298, 0.235953557539386, -0.548359497067903, 0.683600235185055, 
-0.0293414959854586, -0.0876338516188522, -0.0359414719177118, 
-0.386710292984594, -1.03087119184102, 0.173298783570124, 0.474313655638824, 
0.028761449293895, -0.877708663849459, -0.480710923921275, -0.0310484503857853, 
0.399671279069912, 0.0683586917756376, 0.417986939142217, -0.817851818091587, 
-0.0976259667319965, 0.526244805648884, -0.695357770866573, 0.434501874330977, 
0.598121958122537, -0.461143436702428, -0.0177999485471712, -1.113217150947, 
-1.11297359214152, -0.134681595607712, -0.503748332140281, 0.226687365605642, 
-0.128724346258497, -0.547792283702087, 0.131572619618474, 0.665654695186573, 
1.22348631662508, 1.32287118338175, 1.04299854241291, -0.573409291065875, 
-0.177296665409067, 1.40916547834545, 0.610916198046717, 0.67245163305331, 
-0.634468988452653, 0.705068483207115, 0.874284984894851, 0.0352997473772312, 
-0.286554408802587, -0.404090982805106, 0.287539314547674, 1.18492224781009, 
0.398623600530767, -0.411072630049992, -0.252709668002649, 0.150603071919086, 
1.02272614895091, 0.39597973467601, -0.0594899845140449, -0.129215602307337, 
