structure(list(y = c(22.3021073407464, 0.120225667522454, 0.441262563777935, 
0.246671087814693, 1.3181184270233, 3.19195966338243, 0, 0, 1.6981472091183, 
2.77247506584872, 4.83351394124271, 0, 4.26789487173757, 2.51076919343272, 
0.419381279368044, 5.19861777183891, 0, 0.778746046319566, 0, 
4.12332255437114, 5.73742753191316, 2.61892889201413, 4.93537044581116, 
1.92808225058933, 0.48192899694515, 4.88411021271119, 2.64102629716162, 
1.43902248201209, 3.78922122397926, 0.133093858015917, 0.759627787778391, 
3.82484062595925, 5.0359347707254, 0.660156452771265, 0, 0, 0, 
3.78386086411832, 1.74218789749767, 0, 0.101333842469663, 0, 
0.00346699091486785, 0, 5.54315934726845, 0, 0.61651117221295, 
0, 4.53572762073385, 2.92906574149451, 1.09546628509593, 0.910908434739838, 
0, 0.0338286272098653, 0.466815581060482, 0.194124171373113, 
1.44498402409565, 0, 0, 6.46823833834741, 0.405296503634694, 
2.40666129751457, 0.475142270142636, 1.01801530304478, 2.22510740923016, 
1.77056591562085, 9.13107753743313, 0, 0, 0.516842316477376, 
5.81062306448907, 7.37674129248283, 7.05438635576634, 2.84400376323357, 
0.980047036690269, 0, 0, 1.62413448247973, 1.84092184165279, 
0, 0.70947345640862, 6.93673954798875, 2.65315125973268, 0.38432865099318, 
2.29500299040875, 1.32475266502997, 0, 0.041533361552841, 0.326915537442401, 
0.45397160252909, 1.1988986477479, 0.119437864371284, 0, 0, 2.98620350122296, 
5.51942518096149, 4.30138354023276, 3.61665483391393, 9.50983850558687, 
0, 0, 0.218935324482202, 0, 1.89278026901483, 0, 1.79460559542245, 
11.9312499414759, 0, 2.53703089468274, 1.67690936760186, 3.52654195445697, 
0.43123655300398, 0, 0.623699027480793, 3.51379369392635, 2.79358570694061, 
0.787132343434152, 0, 2.01555146322383, 0, 0, 0.347339743606402, 
0.500052663152951, 8.66266619260944, 0.871386600238816, 0, 0.484404310863958, 
0, 5.24615732020685, 0.879617624141107, 1.56160244010158, 0, 
3.64144153700126, 0.05682643262535, 1.40937601324388, 0.632330742882798, 
7.35357631644055, 2.23994359881145, 0, 6.46602530647842, 0, 0.505529698685844, 
3.64829919991305, 1.81667442941079, 5.80239841355483, 0.210339755728811, 
0, 2.61988355119278, 12.7410472828132, 5.28979747389076, 0, 2.3152660649693, 
1.83505652248898, 1.58289239942848, 0, 3.32120024566982, 0.0435846733713019, 
0, 0.269996506879101, 3.77132792973981, 3.81251653699585, 4.66988285083575, 
2.22903451808023, 1.18513174086992, 1.6062145352213, 0, 2.89335877088331, 
1.71511490676959, 1.16383907298663, 0, 1.65125304621297, 3.31393357646783, 
0, 0.20801094372868, 3.59230538733096, 0, 0, 0, 0, 0.919204156780448, 
3.68616905793817, 7.96645646326383, 0, 2.50002638405659, 0, 1.02513446326413, 
0.4758298493094, 7.33176827914185, 0, 4.15512095089776, 5.04681237260992, 
1.11609071794966, 0, 0, 1.04699776931764, 3.21164979238043, 6.06488045959813, 
3.30911870329668, 1.93808109002939, 7.92404685013395, 3.30149630850547, 
0, 0, 4.89414836235145, 0, 2.00548576793422, 5.95097299732722, 
0, 0.769380742810576, 0, 1.90109336070546, 0.553885490270461, 
0, 9.82971840727936, 3.79674995882816, 2.58367479502852, 1.72358470760372, 
0, 0, 0, 0, 5.79819109973236, 0, 2.21995776667553, 0, 0.822535173249904, 
2.47040916944061, 1.14804757119725, 1.51934651489525, 1.83826508120742, 
4.8466700334522, 0.191665588178289, 0.0173364147962461, 2.12525189893956, 
0.420245707077511, 3.02649558317932, 1.90866283552846, 1.38450715417393, 
0, 2.03795226684071, 5.62054888312765, 0, 6.97279235338569, 6.22551161584687, 
2.89281151945498, 0.86656082333465, 2.37844009245612, 10.327868094489, 
0.908874948934347, 0.226654785294663, 6.67249721610902, 1.36925026321665, 
0.777394206548124, 0, 0.627030374445178, 0, 2.64248385866962, 
2.72281869192151, 0.361382292994959, 0, 0.248920314731641, 1.12803506523912, 
0.222203398509692, 1.41978704871999, 0, 0.287663959116966, 0, 
4.195788066376, 0, 0.736076324276259, 1.31644182754632, 0, 0.913769923841647, 
3.42959424040787, 3.49810422010163, 7.52875438867458, 9.25526685473501, 
0, 1.09336365383584, 0, 1.68550996945267, 0.602954362284673, 
1.60806995324864, 0, 0, 1.26582061810779, 1.1642891884694, 6.25261026542625, 
0.162990712486352, 0, 4.25404658258423, 0, 5.82180339221904, 
2.00549043169373, 0.382906276002732, 0, 0, 3.12905467999945, 
0.246369502381829, 0.759083234286933, 0.00543088031499919, 0, 
1.01615123875489, 3.98737539452103, 0, 0, 0, 0, 2.42440138430461, 
0.441334240438092, 0.367037557919624, 1.42182637136204, 6.78019497631344, 
2.93184699537308, 1.39865044148133, 0, 2.51924244543862, 1.24544720797336, 
1.19058374081855, 1.84705982424432, 1.1905041006371, 0, 2.35806466662601, 
0.805949473706476, 0, 1.89576686862496, 0.381739774475392, 2.41263482182287, 
4.02563935407421, 2.70566237292828, 0, 1.66062549158197, 2.29630655131308, 
7.62314773926227, 9.46788119817045, 6.39294032896245, 0.202576344181799, 
0.292504918378452, 1.27373098255318, 2.90842948718735, 0.64918377198324, 
5.22810848078154, 0.981186461764483, 0, 0, 0, 1.19135444099825, 
3.84119435864753, 0, 0.911705943613617, 4.07850977847223, 2.83340885025105, 
0, 0, 0, 0, 3.97957013863947, 2.2997343463548, 0, 1.3828310691535, 
1.52475996500879, 1.08222321716951, 0, 0, 0.147669791730723, 
8.11322705828028, 5.28215137962631, 9.62369361776162, 0.0877563873701855, 
2.53820442321641, 1.69237094274723, 0.0168646408570597, 0.065038133400635, 
0, 7.08753065808753, 2.91414402636084, 1.56927377240238, 7.34896210175656, 
2.88527507837677, 0.290798499853027, 2.66775511750785, 1.17634545088506, 
4.69197451356791, 2.08964641790356, 1.79066312559511, 0, 5.52986236609197, 
4.27598581715842, 1.72125027417568, 0.504210547046994, 0.538235796927451, 
0, 1.85507271192695, 1.67976567359083, 1.14970948419429, 2.75939239783163, 
3.34512609613966, 2.99323054621841, 2.96641856717569, 0, 0, 0.846636283589765, 
0.17505289084283, 1.25254930425024, 0, 1.73840350359599, 7.50119370315154, 
4.09314239869626, 1.19714221640381, 2.0507904942301, 2.20060171882013, 
1.7087562428388, 4.31607203953003, 6.68016278339777, 1.49419103843902, 
0, 6.24176175540278, 1.67705346629586, 0.625762498165255, 0.517667167191388, 
0.66598658908383, 2.99379628077491, 2.20243293040353, 0, 3.12151298770505, 
0, 2.54279955963211, 0, 5.91640795740878, 0.21442861159183, 13.4401058273473, 
2.15836021784819, 0, 0, 0.639096938009317, 0.225936908783068, 
0.727250906649502, 0.589616507476494, 0.105056527206513, 0.698370563450698, 
0.0814992791173933, 1.26289771449149, 1.68379722767021, 0, 4.78378750001443, 
3.2223126743869, 0.431654280226802, 1.18656009006956, 0, 0.30384667658479, 
2.77713021426206, 1.68993733347114, 0.00338028735994564, 2.69632024696976, 
0.791054458566029, 0, 0, 5.3188093356557, 1.66905424919992, 1.35730227148886, 
2.65769883808006, 4.65167011707407, 3.07144061476409, 1.48243756867215, 
3.00946590686273, 0, 0, 0, 2.00766185245942, 0, 8.16920122842477, 
5.23367540958043, 7.62869543130962, 1.64232919884177, 3.87004570224683, 
1.08226224251874, 0, 3.2724784498748, 1.56136842752374, 0, 0.387843133516554, 
0, 1.83477416681362, 0.965935013241862, 1.74739061828476, 0, 
0.750843698435769, 2.14331411912609, 0, 0, 0.940285249642849, 
2.13986036055817, 0.778995259901949, 0.747982406848379, 0, 3.13484062385485, 
3.48767602545791, 0.982097935870975, 1.94132766355633, 6.31411846671069, 
2.9835261323854, 5.18824541494092, 0, 3.01758696981847, 3.66726515289831, 
1.45251747707804, 4.98925173632002, 0, 5.33891102737916, 1.89608081761004, 
0, 1.17067912634489, 1.77858101098771, 2.52164382878551, 0.23668840775474, 
2.67073542239149, 0.853981919431576, 0.644994017010347, 1.22975507814852, 
3.19121178535775, 0, 0, 0, 0.21644458869484, 1.34264558291595, 
0.152323808464535, 0.0427235507444625, 1.35912918829398, 2.06105285217972, 
7.67434811383682, 4.44709594301659, 0.082468956839594, 0.849564076260017, 
0.900719436701397, 0.0991871845198532, 4.38451133626625, 0.333576915914836, 
6.09057877660164, 6.43177861120357, 3.627110763629, 0, 0, 1.47070748366674, 
